central_w_dsmu: 1.227572014571351
central_w_dstau: 0.9233089274400035
central_w_dsstarmu: 3.159360812538545
central_w_dsstartau: 3.171803825296553
e1_up_dsmu: 1.227454
e1_up_dstau: 0.9225524
e1_up_dsstarmu: 3.155564
e1_up_dsstartau: 3.170679
e1_down_dsmu: 1.227691
e1_down_dstau: 0.924067
e1_down_dsstarmu: 3.163225
e1_down_dsstartau: 3.172934
e2_up_dsmu: 1.222474
e2_up_dstau: 0.919516
e2_up_dsstarmu: 3.194763
e2_up_dsstartau: 3.181214
e2_down_dsmu: 1.232689
e2_down_dstau: 0.9271185
e2_down_dsstarmu: 3.125001
e2_down_dsstartau: 3.162532
e3_up_dsmu: 1.252056
e3_up_dstau: 0.9381835
e3_up_dsstarmu: 3.108562
e3_up_dsstartau: 3.158169
e3_down_dsmu: 1.203454
e3_down_dstau: 0.908726
e3_down_dsstarmu: 3.211401
e3_down_dsstartau: 3.185583
e4_up_dsmu: 1.255346
e4_up_dstau: 0.930433
e4_up_dsstarmu: 3.129367
e4_up_dsstartau: 3.148497
e4_down_dsmu: 1.20011
e4_down_dstau: 0.9162876
e4_down_dsstarmu: 3.189553
e4_down_dsstartau: 3.195253
e5_up_dsmu: 1.259116
e5_up_dstau: 0.9473231
e5_up_dsstarmu: 3.158823
e5_up_dsstartau: 3.172586
e5_down_dsmu: 1.19643
e5_down_dstau: 0.8996047
e5_down_dsstarmu: 3.160087
e5_down_dsstartau: 3.17107
e6_up_dsmu: 1.227572
e6_up_dstau: 0.9233089
e6_up_dsstarmu: 3.202222
e6_up_dsstartau: 3.206176
e6_down_dsmu: 1.227572
e6_down_dstau: 0.9233089
e6_down_dsstarmu: 3.117369
e6_down_dsstartau: 3.137896
e7_up_dsmu: -1
e7_up_dstau: -1
e7_up_dsstarmu: 3.11741
e7_up_dsstartau: 3.147022
e7_down_dsmu: -1
e7_down_dstau: -1
e7_down_dsstarmu: 3.201933
e7_down_dsstartau: 3.196941
e8_up_dsmu: -1
e8_up_dstau: -1
e8_up_dsstarmu: 3.168447
e8_up_dsstartau: 3.180189
e8_down_dsmu: -1
e8_down_dstau: -1
e8_down_dsstarmu: 3.150487
e8_down_dsstartau: 3.163595
e9_up_dsmu: -1
e9_up_dstau: -1
e9_up_dsstarmu: 3.213608
e9_up_dsstartau: 3.229941
e9_down_dsmu: -1
e9_down_dstau: -1
e9_down_dsstarmu: 3.105596
e9_down_dsstartau: 3.114215
e10_up_dsmu: 0
e10_up_dstau: 0
e10_up_dsstarmu: 3.157745
e10_up_dsstartau: 3.170278
e10_down_dsmu: 0
e10_down_dstau: 0
e10_down_dsstarmu: 3.160977
e10_down_dsstartau: 3.173331
