import numpy as np
cov = np.array([

[3.2325622635453185e-07,-7.818563846745566e-06,8.870541311332566e-05,2.980288921956109e-09,8.687175039987838e-09,-1.9907222640052996e-06,-4.615284704455976e-10,-2.832981945040517e-07,-1.2725917669438083e-08,-4.7595688682317543e-07],
[-7.818563846745566e-06,0.0008043726394160264,-0.00993757296656693,6.804013228165416e-08,4.092712967301535e-06,0.00017626705913496157,1.3153925981511575e-06,-3.2645808329578264e-05,-1.2256240388311379e-07,-1.7290653046076785e-05],
[8.870541311332566e-05,-0.00993757296656693,0.3356541387342681,-2.736033661230821e-07,-3.390989245460007e-05,0.004766868294531017,7.454663340981917e-06,-0.00016414378842102492,1.5654304320730229e-06,-0.0001361519016769477],
[2.980288921956109e-09,6.804013228165416e-08,-2.736033661230821e-07,1.5850718600548438e-08,-5.817631902272366e-08,1.9797076543030395e-06,-1.397171117181946e-08,3.628420646985665e-09,2.7152287627857203e-08,1.988802789592621e-07],
[8.687175039987838e-09,4.092712967301535e-06,-3.390989245460007e-05,-5.817631902272366e-08,0.00012581269144871208,-0.0030249297836051525,1.6115086176898073e-06,-3.3701953594328878e-06,-2.4267901390026014e-06,0.00013713890392341282],
[-1.9907222640052996e-06,0.00017626705913496157,0.004766868294531017,1.9797076543030395e-06,-0.0030249297836051525,0.20689279890810003,-6.57061628807707e-05,0.0017197907424178777,-3.133235986459856e-05,0.002442813954932109],
[-4.615284704455976e-10,1.3153925981511575e-06,7.454663340981917e-06,-1.397171117181946e-08,1.6115086176898073e-06,-6.57061628807707e-05,2.6788184953833683e-06,-5.5364481464464746e-05,2.735423470253854e-06,-6.893186354488086e-05],
[-2.832981945040517e-07,-3.2645808329578264e-05,-0.00016414378842102492,3.628420646985665e-09,-3.3701953594328878e-06,0.0017197907424178777,-5.5364481464464746e-05,0.0022663223230725074,-5.9017536389582085e-05,0.005387676950060686],
[-1.2725917669438083e-08,-1.2256240388311379e-07,1.5654304320730229e-06,2.7152287627857203e-08,-2.4267901390026014e-06,-3.133235986459856e-05,2.735423470253854e-06,-5.9017536389582085e-05,1.0170786871740759e-05,-0.00021557266802198723],
[-4.7595688682317543e-07,-1.7290653046076785e-05,-0.0001361519016769477,1.988802789592621e-07,0.00013713890392341282,0.002442813954932109,-6.893186354488086e-05,0.005387676950060686,-0.00021557266802198723,0.018460718221422808]                                        

])

