central_w_dsmu: 3.687461
central_w_dstau: 2.745031
central_w_dsstarmu: 3.522317
central_w_dsstartau: 3.683833
e0_up_dsmu: 3.684195
e0_up_dstau: 2.738946
e0_up_dsstarmu: 3.956697
e0_up_dsstartau: 2.494838
e0_down_dsmu: 3.690729
e0_down_dstau: 2.751126
e0_down_dsstarmu: 14.35761
e0_down_dsstartau: 7.317265
e1_up_dsmu: 3.6961
e1_up_dstau: 2.753221
e1_up_dsstarmu: 4.968447
e1_up_dsstartau: 4.261858
e1_down_dsmu: 3.67884
e1_down_dstau: 2.736872
e1_down_dsstarmu: 2.325389
e1_down_dsstartau: 2.941094
e2_up_dsmu: 3.68987
e2_up_dstau: 2.747474
e2_up_dsstarmu: 4.049424
e2_up_dsstartau: 3.747224
e2_down_dsmu: 3.685055
e2_down_dstau: 2.742592
e2_down_dsstarmu: 2.906228
e2_down_dsstartau: 3.341025
e3_up_dsmu: 3.687461
e3_up_dstau: 2.745031
e3_up_dsstarmu: 7.327765
e3_up_dsstartau: 3.726818
e3_down_dsmu: 3.687461
e3_down_dstau: 2.745031
e3_down_dsstarmu: 3.347003
e3_down_dsstartau: 3.730413
e4_up_dsmu: 3.67323
e4_up_dstau: 2.709516
e4_up_dsstarmu: 0.4699381
e4_up_dsstartau: 0.5493996
e4_down_dsmu: 3.701728
e4_down_dstau: 2.780868
e4_down_dsstarmu: 11.68642
e4_down_dsstartau: 10.31476
e5_up_dsmu: 3.69031
e5_up_dstau: 2.747958
e5_up_dsstarmu: 1.461651
e5_up_dsstartau: 1.277136
e5_down_dsmu: 3.684618
e5_down_dstau: 2.742112
e5_down_dsstarmu: 9.009978
e5_down_dsstartau: 8.411492
e6_up_dsmu: 3.687461
e6_up_dstau: 2.745031
e6_up_dsstarmu: 2.212517
e6_up_dsstartau: 2.702228
e6_down_dsmu: 3.687461
e6_down_dstau: 2.745031
e6_down_dsstarmu: 6.269361
e6_down_dsstartau: 5.441181
e7_up_dsmu: 3.687461
e7_up_dstau: 2.745031
e7_up_dsstarmu: 3.994622
e7_up_dsstartau: 3.92879
e7_down_dsmu: 3.687461
e7_down_dstau: 2.745031
e7_down_dsstarmu: 3.092009
e7_down_dsstartau: 3.41891
e8_up_dsmu: 0
e8_up_dstau: -1
e8_up_dsstarmu: 3.111057
e8_up_dsstartau: 3.202461
e8_down_dsmu: 0
e8_down_dstau: -1
e8_down_dsstarmu: 3.596048
e8_down_dsstartau: 3.839331
e9_up_dsmu: 0
e9_up_dstau: -1
e9_up_dsstarmu: 3.175769
e9_up_dsstartau: 3.34465
e9_down_dsmu: 0
e9_down_dstau: -1
e9_down_dsstarmu: 3.523251
e9_down_dsstartau: 3.684735
